0 1 149
1 1 149
2 1 149
3 1 149
4 1 149
5 1 149
6 1 149
7 1 149
8 1 149
9 1 149
10 1 149
11 1 149
12 1 149
13 1 149
14 1 149
15 1 149
16 1 149
17 1 149
18 1 149
19 1 149

0 2 122
1 2 122
2 2 122
3 2 122
4 2 122
5 2 122
6 2 122
7 2 122
8 2 122
9 2 122
10 2 122
11 2 122
12 2 122
13 2 122
14 2 122
15 2 122
16 2 122
17 2 122
18 2 122
19 2 122

0 3 91
1 3 91
2 3 91
3 3 91
4 3 91
5 3 91
6 3 91
7 3 91
8 3 91
9 3 91
10 3 91
11 3 91
12 3 91
13 3 91
14 3 91
15 3 91
16 3 91
17 3 91
18 3 91
19 3 91

0 4 81
1 4 81
2 4 81
3 4 81
4 4 81
5 4 81
6 4 81
7 4 81
8 4 81
9 4 81
10 4 81
11 4 81
12 4 81
13 4 81
14 4 81
15 4 81
16 4 81
17 4 81
18 4 81
19 4 81

0 5 88
1 5 88
2 5 88
3 5 88
4 5 88
5 5 88
6 5 88
7 5 88
8 5 88
9 5 88
10 5 88
11 5 88
12 5 88
13 5 88
14 5 88
15 5 88
16 5 88
17 5 88
18 5 88
19 5 88

0 6 73
1 6 73
2 6 73
3 6 73
4 6 73
5 6 73
6 6 73
7 6 73
8 6 73
9 6 73
10 6 73
11 6 73
12 6 73
13 6 73
14 6 73
15 6 73
16 6 73
17 6 73
18 6 73
19 6 73

0 7 65
1 7 65
2 7 65
3 7 65
4 7 65
5 7 65
6 7 65
7 7 65
8 7 65
9 7 65
10 7 65
11 7 65
12 7 65
13 7 65
14 7 65
15 7 65
16 7 65
17 7 65
18 7 65
19 7 65

0 8 67
1 8 67
2 8 67
3 8 67
4 8 67
5 8 67
6 8 67
7 8 67
8 8 67
9 8 67
10 8 67
11 8 67
12 8 67
13 8 67
14 8 67
15 8 67
16 8 67
17 8 67
18 8 67
19 8 67

0 9 46
1 9 46
2 9 46
3 9 46
4 9 46
5 9 46
6 9 46
7 9 46
8 9 46
9 9 46
10 9 46
11 9 46
12 9 46
13 9 46
14 9 46
15 9 46
16 9 46
17 9 46
18 9 46
19 9 46

0 10 55
1 10 55
2 10 55
3 10 55
4 10 55
5 10 55
6 10 55
7 10 55
8 10 55
9 10 55
10 10 55
11 10 55
12 10 55
13 10 55
14 10 55
15 10 55
16 10 55
17 10 55
18 10 55
19 10 55

0 11 40
1 11 40
2 11 40
3 11 40
4 11 40
5 11 40
6 11 40
7 11 40
8 11 40
9 11 40
10 11 40
11 11 40
12 11 40
13 11 40
14 11 40
15 11 40
16 11 40
17 11 40
18 11 40
19 11 40

0 12 35
1 12 35
2 12 35
3 12 35
4 12 35
5 12 35
6 12 35
7 12 35
8 12 35
9 12 35
10 12 35
11 12 35
12 12 35
13 12 35
14 12 35
15 12 35
16 12 35
17 12 35
18 12 35
19 12 35

0 13 27
1 13 27
2 13 27
3 13 27
4 13 27
5 13 27
6 13 27
7 13 27
8 13 27
9 13 27
10 13 27
11 13 27
12 13 27
13 13 27
14 13 27
15 13 27
16 13 27
17 13 27
18 13 27
19 13 27

0 14 23
1 14 23
2 14 23
3 14 23
4 14 23
5 14 23
6 14 23
7 14 23
8 14 23
9 14 23
10 14 23
11 14 23
12 14 23
13 14 23
14 14 23
15 14 23
16 14 23
17 14 23
18 14 23
19 14 23

0 15 30
1 15 30
2 15 30
3 15 30
4 15 30
5 15 30
6 15 30
7 15 30
8 15 30
9 15 30
10 15 30
11 15 30
12 15 30
13 15 30
14 15 30
15 15 30
16 15 30
17 15 30
18 15 30
19 15 30

0 16 30
1 16 30
2 16 30
3 16 30
4 16 30
5 16 30
6 16 30
7 16 30
8 16 30
9 16 30
10 16 30
11 16 30
12 16 30
13 16 30
14 16 30
15 16 30
16 16 30
17 16 30
18 16 30
19 16 30

0 17 13
1 17 13
2 17 13
3 17 13
4 17 13
5 17 13
6 17 13
7 17 13
8 17 13
9 17 13
10 17 13
11 17 13
12 17 13
13 17 13
14 17 13
15 17 13
16 17 13
17 17 13
18 17 13
19 17 13

0 18 16
1 18 16
2 18 16
3 18 16
4 18 16
5 18 16
6 18 16
7 18 16
8 18 16
9 18 16
10 18 16
11 18 16
12 18 16
13 18 16
14 18 16
15 18 16
16 18 16
17 18 16
18 18 16
19 18 16

0 19 11
1 19 11
2 19 11
3 19 11
4 19 11
5 19 11
6 19 11
7 19 11
8 19 11
9 19 11
10 19 11
11 19 11
12 19 11
13 19 11
14 19 11
15 19 11
16 19 11
17 19 11
18 19 11
19 19 11

0 20 9
1 20 9
2 20 9
3 20 9
4 20 9
5 20 9
6 20 9
7 20 9
8 20 9
9 20 9
10 20 9
11 20 9
12 20 9
13 20 9
14 20 9
15 20 9
16 20 9
17 20 9
18 20 9
19 20 9

