0 1 49
1 1 49
2 1 49
3 1 49
4 1 49
5 1 49
6 1 49
7 1 49
8 1 49
9 1 49
10 1 49
11 1 49
12 1 49
13 1 49
14 1 49
15 1 49
16 1 49
17 1 49
18 1 49
19 1 49

0 2 53
1 2 53
2 2 53
3 2 53
4 2 53
5 2 53
6 2 53
7 2 53
8 2 53
9 2 53
10 2 53
11 2 53
12 2 53
13 2 53
14 2 53
15 2 53
16 2 53
17 2 53
18 2 53
19 2 53

0 3 34
1 3 34
2 3 34
3 3 34
4 3 34
5 3 34
6 3 34
7 3 34
8 3 34
9 3 34
10 3 34
11 3 34
12 3 34
13 3 34
14 3 34
15 3 34
16 3 34
17 3 34
18 3 34
19 3 34

0 4 34
1 4 34
2 4 34
3 4 34
4 4 34
5 4 34
6 4 34
7 4 34
8 4 34
9 4 34
10 4 34
11 4 34
12 4 34
13 4 34
14 4 34
15 4 34
16 4 34
17 4 34
18 4 34
19 4 34

0 5 43
1 5 43
2 5 43
3 5 43
4 5 43
5 5 43
6 5 43
7 5 43
8 5 43
9 5 43
10 5 43
11 5 43
12 5 43
13 5 43
14 5 43
15 5 43
16 5 43
17 5 43
18 5 43
19 5 43

0 6 35
1 6 35
2 6 35
3 6 35
4 6 35
5 6 35
6 6 35
7 6 35
8 6 35
9 6 35
10 6 35
11 6 35
12 6 35
13 6 35
14 6 35
15 6 35
16 6 35
17 6 35
18 6 35
19 6 35

0 7 27
1 7 27
2 7 27
3 7 27
4 7 27
5 7 27
6 7 27
7 7 27
8 7 27
9 7 27
10 7 27
11 7 27
12 7 27
13 7 27
14 7 27
15 7 27
16 7 27
17 7 27
18 7 27
19 7 27

0 8 21
1 8 21
2 8 21
3 8 21
4 8 21
5 8 21
6 8 21
7 8 21
8 8 21
9 8 21
10 8 21
11 8 21
12 8 21
13 8 21
14 8 21
15 8 21
16 8 21
17 8 21
18 8 21
19 8 21

0 9 17
1 9 17
2 9 17
3 9 17
4 9 17
5 9 17
6 9 17
7 9 17
8 9 17
9 9 17
10 9 17
11 9 17
12 9 17
13 9 17
14 9 17
15 9 17
16 9 17
17 9 17
18 9 17
19 9 17

0 10 18
1 10 18
2 10 18
3 10 18
4 10 18
5 10 18
6 10 18
7 10 18
8 10 18
9 10 18
10 10 18
11 10 18
12 10 18
13 10 18
14 10 18
15 10 18
16 10 18
17 10 18
18 10 18
19 10 18

0 11 18
1 11 18
2 11 18
3 11 18
4 11 18
5 11 18
6 11 18
7 11 18
8 11 18
9 11 18
10 11 18
11 11 18
12 11 18
13 11 18
14 11 18
15 11 18
16 11 18
17 11 18
18 11 18
19 11 18

0 12 16
1 12 16
2 12 16
3 12 16
4 12 16
5 12 16
6 12 16
7 12 16
8 12 16
9 12 16
10 12 16
11 12 16
12 12 16
13 12 16
14 12 16
15 12 16
16 12 16
17 12 16
18 12 16
19 12 16

0 13 16
1 13 16
2 13 16
3 13 16
4 13 16
5 13 16
6 13 16
7 13 16
8 13 16
9 13 16
10 13 16
11 13 16
12 13 16
13 13 16
14 13 16
15 13 16
16 13 16
17 13 16
18 13 16
19 13 16

0 14 11
1 14 11
2 14 11
3 14 11
4 14 11
5 14 11
6 14 11
7 14 11
8 14 11
9 14 11
10 14 11
11 14 11
12 14 11
13 14 11
14 14 11
15 14 11
16 14 11
17 14 11
18 14 11
19 14 11

0 15 13
1 15 13
2 15 13
3 15 13
4 15 13
5 15 13
6 15 13
7 15 13
8 15 13
9 15 13
10 15 13
11 15 13
12 15 13
13 15 13
14 15 13
15 15 13
16 15 13
17 15 13
18 15 13
19 15 13

0 16 8
1 16 8
2 16 8
3 16 8
4 16 8
5 16 8
6 16 8
7 16 8
8 16 8
9 16 8
10 16 8
11 16 8
12 16 8
13 16 8
14 16 8
15 16 8
16 16 8
17 16 8
18 16 8
19 16 8

0 17 14
1 17 14
2 17 14
3 17 14
4 17 14
5 17 14
6 17 14
7 17 14
8 17 14
9 17 14
10 17 14
11 17 14
12 17 14
13 17 14
14 17 14
15 17 14
16 17 14
17 17 14
18 17 14
19 17 14

0 18 7
1 18 7
2 18 7
3 18 7
4 18 7
5 18 7
6 18 7
7 18 7
8 18 7
9 18 7
10 18 7
11 18 7
12 18 7
13 18 7
14 18 7
15 18 7
16 18 7
17 18 7
18 18 7
19 18 7

0 19 6
1 19 6
2 19 6
3 19 6
4 19 6
5 19 6
6 19 6
7 19 6
8 19 6
9 19 6
10 19 6
11 19 6
12 19 6
13 19 6
14 19 6
15 19 6
16 19 6
17 19 6
18 19 6
19 19 6

0 20 4
1 20 4
2 20 4
3 20 4
4 20 4
5 20 4
6 20 4
7 20 4
8 20 4
9 20 4
10 20 4
11 20 4
12 20 4
13 20 4
14 20 4
15 20 4
16 20 4
17 20 4
18 20 4
19 20 4